250 1 0.0229 0.0464 0.0336 0.0159 0.0480 0.0111
250 100 0.0532 0.0897 0.0783 0.0368 0.1086 0.0262
250 50 0.0317 0.0601 0.0462 0.0213 0.0646 0.0154
300 1 0.0444 0.0873 0.0653 0.0307 0.0918 0.0219
300 100 0.0737 0.1349 0.1081 0.0504 0.1521 0.0360
300 150 0.1196 0.2005 0.1745 0.0818 0.2432 0.0584
300 50 0.0581 0.1148 0.0854 0.0396 0.1207 0.0277
350 1 0.0845 0.1559 0.1239 0.0582 0.1743 0.0419
350 100 0.1274 0.2357 0.1869 0.0868 0.2645 0.0612
350 150 0.1548 0.2818 0.2270 0.1060 0.3174 0.0753
350 200 0.2568 0.4313 0.3725 0.1755 0.5209 0.1259
350 50 0.1069 0.2037 0.1577 0.0732 0.2224 0.0522
400 1 0.1489 0.2529 0.2172 0.1029 0.3065 0.0748
400 100 0.2178 0.3935 0.3193 0.1488 0.4519 0.1068
400 150 0.2529 0.4504 0.3709 0.1725 0.5218 0.1235
400 200 0.2998 0.5216 0.4420 0.2061 0.6200 0.1470
400 250 0.4902 0.7486 0.7189 0.3381 1.0053 0.2422
400 50 0.1841 0.3294 0.2699 0.1258 0.3820 0.0902
450 1 0.2607 0.4330 0.3823 0.1817 0.5347 0.1319
450 100 0.3564 0.6138 0.5255 0.2450 0.7415 0.1747
450 150 0.4121 0.6910 0.6043 0.2816 0.8552 0.2020
450 200 0.4707 0.7859 0.6940 0.3247 0.9791 0.2326
450 250 0.5605 0.9760 0.8264 0.3866 1.1592 0.2770
450 300 0.9102 1.4135 1.3346 0.6278 1.8664 0.4497
450 50 0.3115 0.5299 0.4568 0.2149 0.6465 0.1539
500 1 0.4316 0.6996 0.6295 0.2981 0.8830 0.2167
500 100 0.5645 0.9159 0.8322 0.3871 1.1741 0.2789
500 150 0.6562 1.0642 0.9623 0.4501 1.3619 0.3243
500 200 0.7324 1.2310 1.0798 0.5005 1.5235 0.3591
500 250 0.8320 1.3572 1.2267 0.5706 1.7206 0.4111
500 300 0.9961 1.7026 1.4606 0.6851 2.0549 0.4922
500 350 1.6016 2.4714 2.3485 1.1047 3.2842 0.7914
500 50 0.4863 0.7925 0.7151 0.3357 1.0104 0.2422
550 1 0.7168 1.1221 1.0454 0.4968 1.4663 0.3626
550 100 0.8789 1.3851 1.2958 0.6049 1.8390 0.4377
550 150 0.9961 1.5116 1.4646 0.6831 2.0818 0.4922
550 200 1.1484 1.8062 1.6886 0.7899 2.3861 0.5675
550 250 1.2695 2.0688 1.8717 0.8737 2.6408 0.6323
550 300 1.4258 2.2912 2.1021 0.9869 2.9658 0.7101
550 350 1.6641 2.7809 2.4534 1.1518 3.4411 0.8288
550 400 2.7891 4.4002 4.0676 1.9238 5.7054 1.3782
550 50 0.7520 1.1261 1.1026 0.5175 1.5605 0.3745
600 1 1.1367 1.7224 1.6668 0.7922 2.3450 0.5750
600 100 1.3242 1.9574 1.9523 0.9114 2.7870 0.6595
600 150 1.5430 2.3800 2.2749 1.0582 3.2285 0.7624
600 200 1.7266 2.6837 2.5455 1.1917 3.6126 0.8599
600 250 1.9297 3.0644 2.8450 1.3357 4.0376 0.9611
600 300 2.1797 3.3101 3.2136 1.4949 4.5074 1.0771
600 350 2.3516 3.5894 3.4670 1.6277 4.8916 1.1712
600 400 2.8359 4.8008 4.1585 1.9505 5.8155 1.4014
600 450 4.7031 6.9303 6.8590 3.2441 9.5627 2.3240
600 50 1.1836 1.7513 1.7356 0.8146 2.4708 0.5895
650 1 1.7891 2.6865 2.6092 1.2356 3.6819 0.8980
650 100 1.9766 2.9243 2.9141 1.3603 4.1599 0.9844
650 150 2.2266 3.2908 3.2827 1.5324 4.6588 1.1089
650 200 2.5391 3.7066 3.7333 1.7413 5.3066 1.2547
650 250 2.8359 4.2919 4.1811 1.9518 5.9339 1.4124
650 300 3.1406 4.7112 4.6303 2.1615 6.5329 1.5642
650 350 3.4844 5.5913 5.1372 2.3981 7.2480 1.7354
650 400 3.7656 5.8337 5.5518 2.6064 7.8330 1.8755
650 450 4.4219 7.4087 6.5193 3.0554 9.1440 2.1937
650 50 1.8203 2.5484 2.6692 1.2528 3.8000 0.9066
650 500 7.2188 11.2964 10.5278 4.9507 14.7669 3.5671
700 1 2.7891 4.1334 4.0676 1.9331 5.7399 1.4109
700 100 2.9297 4.2530 4.3194 2.0163 6.1659 1.4591
700 150 3.2344 4.7652 4.7944 2.2260 6.8619 1.6109
700 200 3.8281 5.4954 5.6134 2.6347 7.9914 1.9066
700 250 4.3281 6.2480 6.3466 2.9958 9.0352 2.1556
700 300 4.6719 6.5495 6.8507 3.2097 9.6953 2.3177
700 350 4.9844 7.2635 7.3487 3.4304 10.3682 2.4825
700 400 5.3906 7.8414 7.9476 3.7100 11.2133 2.6848
700 450 5.9531 8.7598 8.7769 4.0900 12.3105 2.9533
700 50 2.7266 3.7807 4.0199 1.8831 5.7050 1.3686
700 500 7.0312 11.4517 10.3104 4.8221 14.5051 3.4744
700 550 11.4062 16.8913 16.7257 7.8676 23.3902 5.6363
750 1 4.1406 6.0575 6.0717 2.8778 8.5419 2.0946
750 100 4.1406 5.5947 6.1377 2.8497 8.7846 2.0622
750 150 4.6719 6.2996 6.9252 3.2154 9.8548 2.3268
750 200 5.3281 7.6926 7.8555 3.6670 11.2137 2.6537
750 250 5.8594 8.3096 8.6387 4.0441 12.3317 2.9182
750 300 6.5938 9.8797 9.6689 4.5221 13.7648 3.2582
750 350 7.1562 10.3926 10.5507 4.9533 14.9736 3.5641
750 400 7.6562 11.0055 11.3489 5.2879 15.9635 3.8431
750 450 8.4062 12.1521 12.3937 5.7855 17.4862 4.1867
750 50 3.8906 5.2209 5.7671 2.6871 8.2068 1.9529
750 500 9.2188 13.5093 13.5181 6.3447 19.0178 4.5914
750 550 10.7812 16.6454 15.8952 7.4152 22.2946 5.3275
750 600 17.8125 25.5161 26.1197 12.2865 36.5272 8.8019
800 1 6.2031 8.6307 9.0466 4.2918 12.8427 3.1258
800 100 5.9531 7.6413 8.8244 4.0972 12.7024 2.9649
800 150 6.5312 8.7930 9.6293 4.4871 13.8257 3.2401
800 200 7.5312 10.3672 11.1036 5.1742 15.8504 3.7362
800 250 8.4062 11.3337 12.3266 5.7855 17.5485 4.1867
800 300 9.2812 12.7049 13.6467 6.4241 19.3975 4.6225
800 350 10.2188 14.6573 14.9844 7.0530 21.2065 5.0894
800 400 10.9688 15.5399 16.0842 7.5491 22.7629 5.4630
800 450 11.8438 16.5233 17.4617 8.1513 24.4917 5.8987
800 50 5.7656 7.5229 8.5465 3.9751 12.1619 2.8828
800 500 12.5625 17.8384 18.4212 8.6460 25.9158 6.2567
800 550 13.5625 19.6520 19.8876 9.3014 27.9788 6.7018
800 600 15.6875 25.0926 23.1287 10.7587 32.4402 7.7518
800 650 25.6250 36.4901 37.5757 17.6753 52.5479 12.6624
850 1 9.2812 12.6566 13.6097 6.4215 19.2609 4.6769
850 100 8.5312 10.8016 12.6460 5.8715 18.1515 4.2490
850 150 9.3438 11.7527 13.8503 6.4124 19.9371 4.6536
850 200 10.5938 13.0012 15.6188 7.2910 22.2958 5.2762
850 250 11.7188 14.7066 17.2774 8.0937 24.5201 5.8823
850 300 13.1875 18.3077 19.3377 9.0762 27.5296 6.5680
850 350 14.4375 19.5537 21.1707 9.9648 30.1390 7.1906
850 400 15.4375 21.8298 22.7601 10.5873 32.3011 7.6283
850 450 16.1875 23.1499 23.9949 11.1409 33.9485 8.0621
850 50 8.3125 10.4148 12.3217 5.7210 17.6354 4.1400
850 500 17.5625 25.3630 26.0331 12.1428 36.8322 8.7812
850 550 18.8750 27.3740 27.9786 12.9905 39.3549 9.4006
850 600 20.3125 30.1320 29.9475 13.9306 42.2528 10.0372
850 650 24.0625 36.4300 35.4763 16.5024 49.7589 11.8903
850 700 39.1250 55.1296 57.6835 26.9871 80.9066 19.3333
900 1 13.5625 18.0421 19.8876 9.3836 28.1456 6.8342
900 100 12.5625 14.8478 18.6215 8.6521 26.6521 6.3058
900 150 13.1875 16.9665 19.6531 9.0762 28.1998 6.5680
900 200 14.8125 18.9543 21.9567 10.1946 31.4256 7.3773
900 250 17.6250 23.1370 25.9852 12.1730 37.0939 8.8469
900 300 18.0625 24.4199 26.6302 12.4313 37.7936 8.9960
900 350 20.5625 26.9070 30.1522 14.2018 42.9253 10.3214
900 400 22.3125 31.2108 32.7183 15.3834 46.5785 11.1562
900 450 24.3125 34.0524 35.6510 16.8282 50.4545 12.1088
900 50 11.9688 14.8119 17.7414 8.2139 25.3924 5.9610
900 500 25.6250 36.0053 37.7799 17.7673 53.3036 12.8125
900 550 27.3750 40.1276 40.5783 18.9070 57.0777 13.7410
900 600 28.6250 40.8444 41.9748 19.7009 59.0519 14.2566
900 650 31.3750 47.8588 46.2574 21.5174 65.2644 15.5037
900 700 36.6250 53.8427 53.9977 25.1624 75.7369 18.1694
900 750 57.6250 82.4626 84.4994 39.8168 118.1687 28.5874
