127 1 0.3389 0.2805 0.4942 0.2340 0.6974 0.1701
150 1 0.5488 0.4064 0.8004 0.3804 1.1227 0.2776
150 24 0.5527 0.4483 0.8105 0.3835 1.1403 0.2785
175 1 0.8945 0.6711 1.3046 0.6189 1.8299 0.4508
175 25 0.9492 0.7023 1.3843 0.6597 1.9300 0.4802
175 49 1.0508 0.8271 1.5325 0.7257 2.1495 0.5274
200 1 1.1055 0.8440 1.6034 0.7635 2.2558 0.5549
200 25 1.1367 0.8242 1.6578 0.7879 2.3253 0.5750
200 50 1.2227 0.9226 1.7734 0.8459 2.4950 0.6161
200 74 1.4258 1.1520 2.0794 0.9847 2.9166 0.7157
225 1 1.4727 1.0911 2.1477 1.0207 3.0034 0.7450
225 25 1.4648 1.0008 2.1480 1.0153 3.0039 0.7410
225 50 1.5859 1.1368 2.3129 1.0973 3.2443 0.7992
225 75 1.7891 1.3556 2.6092 1.2400 3.6377 0.9050
225 99 2.1797 1.7623 3.1788 1.5054 4.4588 1.0941
250 1 1.8359 1.2871 2.6922 1.2725 3.7649 0.9287
250 100 2.4766 1.7528 3.5921 1.7165 5.0537 1.2528
250 124 3.0391 2.5013 4.4564 2.1108 6.2321 1.5255
250 25 1.8672 1.2933 2.7231 1.2941 3.8196 0.9445
250 50 1.9922 1.3776 2.9054 1.3856 4.0753 1.0155
250 75 2.1797 1.5765 3.1615 1.5107 4.4208 1.1026
275 1 2.2891 1.5629 3.3566 1.5865 4.6941 1.1579
275 100 2.9609 2.1319 4.3064 2.0522 6.0496 1.4978
275 125 3.4219 2.4666 4.9904 2.3675 6.9999 1.7243
275 149 4.3594 3.3980 6.3577 3.0003 8.9177 2.1712
275 25 2.3672 1.6593 3.4712 1.6464 4.8543 1.2067
275 50 2.4141 1.6753 3.5207 1.6685 4.9383 1.2212
275 75 2.6016 1.8444 3.7941 1.8000 5.3218 1.3109
300 1 2.8984 1.8816 4.2271 2.0089 5.9291 1.4662
300 100 3.4219 2.2857 4.9904 2.3717 6.9999 1.7310
300 125 3.7656 2.7346 5.5218 2.6099 7.7220 1.9049
300 150 4.5781 3.5296 6.7132 3.1907 9.3881 2.3159
300 174 5.8281 4.8774 8.5462 4.0253 11.9514 2.9254
300 25 2.8672 1.9546 4.2043 1.9872 5.8796 1.4504
300 50 3.0000 2.0019 4.3752 2.0793 6.1740 1.5176
300 75 3.1719 2.2126 4.6258 2.2061 6.5277 1.6169
325 1 3.4531 2.2673 5.0635 2.3933 7.1236 1.7468
325 100 4.0156 2.6832 5.8884 2.7929 8.2840 2.0470
325 125 4.3281 2.9949 6.3466 2.9998 8.8755 2.1894
325 150 4.9844 3.5419 7.2692 3.4546 10.1962 2.5214
325 175 5.9219 4.3317 8.6364 4.1158 12.1140 2.9956
325 199 7.8438 6.5857 11.4393 5.3984 15.9485 3.9066
325 25 3.5156 2.2653 5.1272 2.4299 7.1917 1.7784
325 50 3.5781 2.4292 5.2183 2.4800 7.3638 1.8100
325 75 3.7656 2.5352 5.4918 2.6099 7.7031 1.9049
350 1 4.2031 2.7035 6.1298 2.9132 8.6500 2.1262
350 100 4.6094 3.0938 6.7590 3.1947 9.5089 2.3317
350 125 4.9531 3.3064 7.2631 3.4425 10.2180 2.5056
350 150 5.5781 3.8484 8.1351 3.8662 11.4108 2.8217
350 175 6.2812 4.3073 9.2106 4.3687 12.8806 3.2020
350 200 7.9688 5.6440 11.5581 5.5037 16.2612 3.9999
350 224 9.9688 8.4002 14.6178 6.8851 20.5650 5.0038
350 25 4.2031 2.8827 6.1633 2.9234 8.6708 2.1426
350 50 4.2969 2.9267 6.2665 2.9781 8.8430 2.1736
350 75 4.3594 3.0018 6.3924 3.0320 8.9932 2.2223
