250 1 0.5645 1.1263 0.8322 0.3816 1.1741 0.2701
250 100 1.3086 2.1857 1.9084 0.8943 2.6607 0.6415
250 50 0.7715 1.4466 1.1374 0.5235 1.5954 0.3722
300 1 0.4512 0.8854 0.6652 0.3092 0.9385 0.2212
300 100 0.7480 1.3770 1.1029 0.5115 1.5469 0.3623
300 150 1.2148 2.0716 1.7717 0.8326 2.4701 0.5956
300 50 0.5879 1.1491 0.8714 0.3999 1.2258 0.2813
350 1 0.3818 0.6956 0.5599 0.2628 0.7877 0.1902
350 100 0.5762 1.0658 0.8495 0.3935 1.1985 0.2802
350 150 0.7051 1.2769 1.0339 0.4830 1.4459 0.3429
350 200 1.1602 1.9262 1.6920 0.7965 2.3589 0.5710
350 50 0.4824 0.9167 0.7113 0.3306 1.0035 0.2365
400 1 0.3252 0.5637 0.4769 0.2246 0.6709 0.1632
400 100 0.4785 0.8645 0.7055 0.3270 0.9954 0.2346
400 150 0.5488 0.9786 0.8135 0.3772 1.1443 0.2691
400 200 0.6582 1.1695 0.9652 0.4498 1.3578 0.3227
400 250 1.0742 1.7329 1.5666 0.7384 2.1975 0.5266
400 50 0.4043 0.7543 0.5928 0.2763 0.8340 0.1982
450 1 0.2959 0.4939 0.4315 0.2044 0.6053 0.1485
450 100 0.4004 0.7114 0.5935 0.2746 0.8397 0.1978
450 150 0.4590 0.7954 0.6767 0.3137 0.9576 0.2250
450 200 0.5293 0.9193 0.7804 0.3638 1.1010 0.2595
450 250 0.6270 1.1230 0.9243 0.4317 1.2965 0.3086
450 300 1.0273 1.6031 1.5065 0.7086 2.1067 0.5077
450 50 0.3467 0.6016 0.5111 0.2391 0.7254 0.1713
500 1 0.2686 0.4390 0.3917 0.1860 0.5494 0.1348
500 100 0.3506 0.5785 0.5169 0.2404 0.7336 0.1732
500 150 0.4043 0.6691 0.5961 0.2789 0.8459 0.1998
500 200 0.4551 0.7780 0.6709 0.3110 0.9466 0.2231
500 250 0.5137 0.8642 0.7573 0.3543 1.0685 0.2538
500 300 0.6152 1.0785 0.9022 0.4232 1.2654 0.3040
500 350 0.9805 1.5466 1.4377 0.6763 1.9985 0.4845
500 50 0.2998 0.5020 0.4420 0.2069 0.6273 0.1493
550 1 0.2549 0.3990 0.3717 0.1767 0.5214 0.1289
550 100 0.3076 0.5035 0.4560 0.2117 0.6451 0.1532
550 150 0.3506 0.5608 0.5169 0.2404 0.7336 0.1732
550 200 0.3926 0.6251 0.5788 0.2692 0.8190 0.1940
550 250 0.4434 0.7305 0.6572 0.3060 0.9244 0.2208
550 300 0.4980 0.8195 0.7343 0.3416 1.0299 0.2461
550 350 0.5762 0.9905 0.8495 0.3974 1.1915 0.2847
550 400 0.9648 1.4885 1.4071 0.6624 1.9737 0.4749
550 50 0.2646 0.4142 0.3902 0.1821 0.5537 0.1318
600 1 0.2354 0.3601 0.3451 0.1640 0.4855 0.1191
600 100 0.2705 0.4169 0.4010 0.1862 0.5706 0.1347
600 150 0.3193 0.4790 0.4708 0.2190 0.6682 0.1578
600 200 0.3525 0.5618 0.5198 0.2425 0.7376 0.1742
600 250 0.4004 0.6619 0.5871 0.2746 0.8309 0.1978
600 300 0.4395 0.7125 0.6479 0.3042 0.9141 0.2189
600 350 0.4785 0.7765 0.7017 0.3301 0.9872 0.2365
600 400 0.5801 0.9819 0.8552 0.4001 1.1924 0.2866
600 450 0.9180 1.4082 1.3388 0.6296 1.8665 0.4536
600 50 0.2432 0.3702 0.3585 0.1674 0.5088 0.1211
650 1 0.2256 0.3507 0.3308 0.1572 0.4654 0.1141
650 100 0.2471 0.3673 0.3662 0.1700 0.5212 0.1231
650 150 0.2783 0.4310 0.4103 0.1912 0.5858 0.1381
650 200 0.3174 0.4857 0.4679 0.2177 0.6641 0.1568
650 250 0.3525 0.5460 0.5170 0.2422 0.7359 0.1749
650 300 0.3926 0.5918 0.5788 0.2702 0.8166 0.1955
650 350 0.4238 0.6681 0.6282 0.2934 0.8837 0.2111
650 400 0.4707 0.7658 0.6940 0.3243 0.9734 0.2335
650 450 0.5527 0.9185 0.8149 0.3791 1.1430 0.2731
650 50 0.2256 0.3329 0.3326 0.1558 0.4748 0.1132
650 500 0.8945 1.4660 1.3117 0.6170 1.8344 0.4420
700 1 0.2158 0.3262 0.3165 0.1507 0.4452 0.1096
700 100 0.2236 0.3269 0.3297 0.1539 0.4707 0.1114
700 150 0.2510 0.3752 0.3710 0.1727 0.5288 0.1250
700 200 0.2920 0.4322 0.4305 0.2010 0.6110 0.1454
700 250 0.3252 0.4908 0.4794 0.2245 0.6804 0.1620
700 300 0.3584 0.5476 0.5284 0.2474 0.7499 0.1785
700 350 0.3857 0.6043 0.5687 0.2655 0.8024 0.1921
700 400 0.3838 0.6387 0.5750 0.2606 0.8225 0.1829
700 450 0.4512 0.6990 0.6616 0.3103 0.9307 0.2229
700 50 0.2100 0.3048 0.3112 0.1450 0.4429 0.1054
700 500 0.5371 0.8760 0.7919 0.3705 1.1107 0.2654
700 550 0.8711 1.3603 1.2773 0.6019 1.7863 0.4321
750 1 0.2119 0.3176 0.3091 0.1469 0.4361 0.1072
750 100 0.2061 0.2831 0.3054 0.1418 0.4372 0.1026
750 150 0.2354 0.3307 0.3470 0.1620 0.4953 0.1172
750 200 0.2646 0.3803 0.3923 0.1825 0.5582 0.1323
750 250 0.2959 0.4462 0.4363 0.2036 0.6191 0.1474
750 300 0.3291 0.4824 0.4826 0.2265 0.6870 0.1639
750 350 0.3643 0.5648 0.5341 0.2507 0.7559 0.1814
750 400 0.3857 0.5991 0.5687 0.2664 0.8024 0.1936
750 450 0.4199 0.6627 0.6225 0.2917 0.8755 0.2108
750 50 0.1963 0.2737 0.2910 0.1356 0.4140 0.0985
750 500 0.4473 0.7212 0.6594 0.3096 0.9304 0.2228
750 550 0.5293 0.8861 0.7804 0.3664 1.0945 0.2636
750 600 0.8711 1.2762 1.2704 0.6009 1.7712 0.4304
800 1 0.2041 0.2974 0.2977 0.1415 0.4200 0.1032
800 100 0.1953 0.2613 0.2895 0.1344 0.4120 0.0973
800 150 0.2139 0.2996 0.3170 0.1472 0.4537 0.1065
800 200 0.2451 0.3490 0.3633 0.1687 0.5170 0.1221
800 250 0.2725 0.3987 0.4017 0.1882 0.5701 0.1368
800 300 0.3018 0.4503 0.4449 0.2077 0.6314 0.1503
800 350 0.3330 0.5059 0.4883 0.2292 0.6952 0.1659
800 400 0.3584 0.5332 0.5284 0.2467 0.7455 0.1785
800 450 0.3838 0.5851 0.5658 0.2641 0.7983 0.1911
800 50 0.1880 0.2552 0.2772 0.1298 0.3956 0.0944
800 500 0.4121 0.6409 0.6076 0.2852 0.8572 0.2052
800 550 0.4473 0.6927 0.6594 0.3078 0.9249 0.2228
800 600 0.5215 0.8637 0.7647 0.3576 1.0694 0.2577
800 650 0.8320 1.2405 1.2201 0.5759 1.6960 0.4144
850 1 0.2021 0.2911 0.2964 0.1409 0.4195 0.1023
850 100 0.1851 0.2435 0.2743 0.1274 0.3926 0.0922
850 150 0.2021 0.2750 0.2996 0.1389 0.4289 0.1003
850 200 0.2256 0.3164 0.3326 0.1550 0.4748 0.1119
850 250 0.2490 0.3515 0.3671 0.1714 0.5241 0.1240
850 300 0.2822 0.4134 0.4161 0.1948 0.5905 0.1406
850 350 0.3096 0.4499 0.4539 0.2131 0.6462 0.1542
850 400 0.3271 0.4885 0.4849 0.2268 0.6861 0.1636
850 450 0.3525 0.5288 0.5198 0.2426 0.7333 0.1756
850 50 0.1782 0.2405 0.2642 0.1227 0.3781 0.0888
850 500 0.3740 0.5600 0.5514 0.2574 0.7780 0.1863
850 550 0.4004 0.6206 0.5871 0.2746 0.8309 0.1978
850 600 0.4395 0.7035 0.6479 0.3024 0.9141 0.2189
850 650 0.5059 0.8093 0.7418 0.3469 1.0373 0.2500
850 700 0.8398 1.2459 1.2315 0.5760 1.7222 0.4150
900 1 0.1982 0.2799 0.2923 0.1384 0.4124 0.1007
900 100 0.1782 0.2330 0.2642 0.1223 0.3781 0.0888
900 150 0.1909 0.2536 0.2830 0.1314 0.4074 0.0951
900 200 0.2158 0.2906 0.3182 0.1481 0.4542 0.1075
900 250 0.2412 0.3359 0.3575 0.1663 0.5088 0.1206
900 300 0.2607 0.3721 0.3844 0.1795 0.5456 0.1299
900 350 0.2900 0.4187 0.4276 0.2008 0.6069 0.1445
900 400 0.3145 0.4615 0.4611 0.2177 0.6564 0.1566
900 450 0.3389 0.5111 0.4996 0.2340 0.7049 0.1701
900 50 0.1753 0.2276 0.2584 0.1206 0.3689 0.0873
900 500 0.3604 0.5366 0.5313 0.2480 0.7496 0.1795
900 550 0.3760 0.5719 0.5543 0.2592 0.7821 0.1880
900 600 0.3965 0.5919 0.5877 0.2754 0.8267 0.1990
900 650 0.4316 0.6872 0.6364 0.2971 0.8926 0.2150
900 700 0.5020 0.7840 0.7400 0.3455 1.0380 0.2500
900 750 0.8086 1.2599 1.1857 0.5587 1.6581 0.4011
