127 1 0.3535 0.2908 0.5184 0.2442 0.7293 0.1774
150 1 0.5840 0.4567 0.8563 0.4056 1.1975 0.2931
150 24 0.5840 0.4744 0.8517 0.4019 1.1946 0.2909
200 1 1.1914 0.8968 1.7470 0.8275 2.4651 0.5980
200 25 1.2227 0.8969 1.7831 0.8415 2.5162 0.6089
200 50 1.3086 0.9915 1.9189 0.9063 2.6835 0.6569
200 74 1.5039 1.2028 2.1933 1.0387 3.0579 0.7549
225 1 1.5703 1.1655 2.2901 1.0846 3.2317 0.7882
225 25 1.5703 1.0631 2.2901 1.0808 3.2317 0.7821
225 50 1.6953 1.2072 2.4860 1.1775 3.4973 0.8510
225 75 1.8984 1.4197 2.7762 1.3231 3.8883 0.9603
225 99 2.3047 1.8403 3.3611 1.5918 4.6861 1.1568
250 1 1.9453 1.3605 2.8525 1.3436 4.0370 0.9765
250 100 2.6016 1.8440 3.7734 1.8031 5.2765 1.3160
250 124 3.1719 2.6128 4.6258 2.1907 6.4493 1.5921
250 25 1.9766 1.3330 2.8984 1.3675 4.0775 0.9960
250 50 2.1172 1.4488 3.0877 1.4674 4.3310 1.0710
250 75 2.2734 1.6630 3.3246 1.5757 4.6563 1.1500
275 1 2.3984 1.6675 3.5265 1.6594 4.9832 1.2086
275 100 3.1250 2.2159 4.5575 2.1659 6.3926 1.5808
275 125 3.5781 2.6386 5.2183 2.4800 7.2753 1.8100
275 149 4.5469 3.6971 6.6311 3.1349 9.2450 2.2734
275 25 2.4922 1.6889 3.6346 1.7213 5.1289 1.2510
275 50 2.5391 1.7301 3.7232 1.7598 5.2380 1.2844
275 75 2.7422 1.9707 4.0211 1.9006 5.6570 1.3872
300 1 3.0469 2.0149 4.4678 2.1118 6.3230 1.5413
300 100 3.5781 2.3502 5.2468 2.4800 7.3815 1.8100
300 125 4.0156 3.0237 5.8564 2.7735 8.2145 2.0157
300 150 4.7969 3.5993 6.9575 3.3130 9.7290 2.4078
300 174 6.0469 5.1119 8.8187 4.1764 12.2949 3.0352
300 25 3.0078 2.0581 4.4106 2.0847 6.2420 1.5215
300 50 3.1406 2.0984 4.6303 2.1767 6.5329 1.5887
300 75 3.3594 2.2815 4.9127 2.3284 6.9219 1.6994
325 1 3.6094 2.3773 5.3214 2.5086 7.5080 1.8258
325 100 4.2031 2.7385 6.1633 2.9132 8.6708 2.1262
325 125 4.5781 3.1736 6.7132 3.1731 9.3881 2.3159
325 175 6.2031 4.6553 9.0466 4.3233 12.6126 3.1379
325 25 3.6719 2.3976 5.3843 2.5449 7.6201 1.8575
325 50 3.7656 2.5401 5.5218 2.6008 7.8146 1.8902
325 75 3.9531 2.6478 5.7967 2.7399 8.1551 1.9997
350 1 4.4062 2.8425 6.4612 3.0539 9.1441 2.2289
350 100 4.8281 3.2351 7.0413 3.3463 9.9363 2.4424
350 125 5.2031 3.3734 7.6297 3.6062 10.7338 2.6320
350 150 5.8594 3.9990 8.5453 4.0611 11.9861 2.9640
350 175 6.6562 4.4685 9.6544 4.6134 13.5002 3.3671
350 200 8.3438 6.1352 12.1685 5.8152 16.9651 4.2208
350 224 10.4062 8.7838 15.1764 7.1872 21.1587 5.2234
350 25 4.3906 2.8814 6.4383 3.0538 9.1116 2.2382
350 50 4.5156 3.0241 6.5856 3.1123 9.3490 2.2843
350 75 4.5781 3.0806 6.7132 3.1731 9.5008 2.3159
