250 1 2.05518 0.0199307
250 100 1.46827 0.0710153
250 50 1.78179 0.0373914
300 1 1.97018 0.0244091
300 100 1.70322 0.0442638
300 150 1.52574 0.0635371
300 50 1.91207 0.0279334
350 1 1.86424 0.0311439
350 100 1.76794 0.0385352
350 150 1.61058 0.0536353
350 200 1.45237 0.0731995
350 50 1.84538 0.0324913
400 1 1.71785 0.0429118
400 100 1.55921 0.0594736
400 150 1.60683 0.0540455
400 200 1.54336 0.0613721
400 250 1.20921 0.113291
400 50 1.74166 0.0407841
450 1 1.62109 0.0524995
450 100 1.55351 0.0601507
450 150 1.44086 0.0748127
450 200 1.37168 0.0850815
450 250 1.4931 0.0677053
450 300 1.07411 0.141387
450 50 1.50435 0.0662457
500 1 1.55252 0.0602684
500 100 1.32856 0.0919959
500 150 1.33418 0.0910726
500 200 1.3438 0.0895066
500 250 1.39285 0.0818323
500 300 1.40465 0.0800624
500 350 1.29543 0.0975859
500 50 1.35835 0.0871764
550 1 1.44596 0.0740939
550 100 1.25626 0.104511
550 150 1.29801 0.0971424
550 200 1.12025 0.131304
550 250 1.24965 0.105714
550 300 1.30451 0.0960296
550 350 1.38379 0.083211
550 400 1.16562 0.121884
550 50 1.16328 0.122358
600 1 1.34085 0.0899838
600 100 1.01041 0.156149
600 150 1.08812 0.138272
600 200 1.2363 0.108174
600 250 1.19819 0.115422
600 300 1.16925 0.121152
600 350 1.12156 0.131024
600 400 1.39811 0.0810397
600 450 1.03234 0.150957
600 50 1.08001 0.140069
650 1 1.34125 0.0899192
650 100 1.03103 0.151263
650 150 1.04269 0.148546
650 200 1.09209 0.137397
650 250 1.14211 0.126704
650 300 1.08509 0.13894
650 350 1.11515 0.132394
650 400 1.18449 0.118109
650 450 1.33092 0.0916071
650 50 0.997081 0.159363
650 500 1.06468 0.14351
700 1 1.26274 0.103341
700 100 0.997026 0.159376
700 150 1.02603 0.152439
700 200 0.991624 0.160691
700 250 1.00843 0.156624
700 300 1.06701 0.142984
700 350 1.03516 0.150298
700 400 1.02971 0.151572
700 450 1.08515 0.138927
700 50 0.952329 0.170465
700 500 1.15062 0.124945
700 550 1.10376 0.13485
750 1 1.22398 0.11048
750 100 0.794487 0.213456
750 150 0.843476 0.199481
750 200 0.862432 0.194225
750 250 1.03625 0.150042
750 300 1.09231 0.137349
750 350 0.977531 0.164153
750 400 0.987572 0.161681
750 450 1.0548 0.145758
750 50 0.862657 0.194163
750 500 1.00378 0.157742
750 550 1.18997 0.117029
750 600 1.09077 0.137686
800 1 1.11688 0.132023
800 100 0.731177 0.232336
800 150 0.741992 0.229046
800 200 0.864895 0.193548
800 250 0.843376 0.199509
800 300 0.84967 0.197754
800 350 1.02737 0.152122
800 400 0.948714 0.171383
800 450 0.921467 0.178403
800 50 0.796912 0.212751
800 500 0.666785 0.252455
800 550 1.00416 0.157652
800 600 1.21436 0.112306
800 650 0.92195 0.178277
850 1 1.04708 0.147531
850 100 0.609915 0.270959
850 150 0.625675 0.265764
850 200 0.509775 0.305105
850 250 0.825437 0.204562
850 300 0.913505 0.180489
850 350 0.88979 0.186789
850 400 0.970247 0.165962
850 450 0.865113 0.193488
850 50 0.706329 0.239992
850 500 1.00459 0.157548
850 550 0.830457 0.20314
850 600 0.950183 0.17101
850 650 1.08996 0.137865
850 700 0.718104 0.236346
900 1 0.994026 0.160105
900 100 0.384563 0.350281
900 150 0.605318 0.272484
900 200 0.698189 0.242529
900 250 0.795478 0.213168
900 300 0.891047 0.186452
900 350 0.87404 0.191048
900 400 0.91714 0.179535
900 450 1.06942 0.14244
900 50 0.568676 0.284788
900 500 1.11091 0.133303
900 550 1.04529 0.147945
900 600 0.884329 0.188259
900 650 1.05158 0.146496
900 700 1.10754 0.134029
900 750 0.80829 0.209462
