127 1 -0.546031 0.707478
150 1 -0.766535 0.778321
150 24 -0.644755 0.740457
175 1 -0.699204 0.757788
175 25 -0.840992 0.799824
175 49 -0.653566 0.743304
200 1 -0.800906 0.788407
200 25 -0.929763 0.823753
200 50 -0.809031 0.790751
200 74 -0.559267 0.71201
225 1 -0.829648 0.796631
225 25 -0.913623 0.819542
225 50 -0.922562 0.821882
225 75 -0.878456 0.810152
225 99 -0.50429 0.692971
250 1 -0.92502 0.822522
250 100 -0.785317 0.783866
250 124 -0.498465 0.690922
250 25 -0.983173 0.837239
250 50 -0.943399 0.827262
250 75 -0.882231 0.811174
275 1 -1.10291 0.864967
275 100 -0.825937 0.79558
275 125 -0.867312 0.807114
275 149 -0.657272 0.744497
275 25 -0.939795 0.826339
275 50 -1.00713 0.843064
275 75 -0.864243 0.806273
300 1 -1.18949 0.882877
300 100 -1.00372 0.842244
300 125 -0.869062 0.807593
300 150 -0.725084 0.7658
300 174 -0.577244 0.718113
300 25 -0.985957 0.837923
300 50 -0.875246 0.80928
300 75 -1.00441 0.84241
325 1 -1.11865 0.868355
325 100 -1.11898 0.868426
325 125 -0.953538 0.829841
325 150 -0.868179 0.807352
325 175 -1.00711 0.843058
325 199 -0.592591 0.723272
325 25 -1.09243 0.862678
325 50 -1.11385 0.867329
325 75 -0.977464 0.83583
350 1 -1.20809 0.886494
350 100 -1.05448 0.854168
350 125 -1.15495 0.875945
350 150 -0.929533 0.823694
350 175 -1.16786 0.878569
350 200 -0.954953 0.830199
350 224 -0.433302 0.667602
350 25 -1.06755 0.857138
350 50 -1.08935 0.862
350 75 -1.03161 0.848873
