127 1 0.3467 0.2782 0.5084 0.2394 0.7152 0.1740
150 1 0.5566 0.4282 0.8118 0.3858 1.1387 0.2816
150 24 0.5332 0.4364 0.7904 0.3631 1.1247 0.2593
175 1 0.9102 0.7074 1.3274 0.6326 1.8618 0.4604
175 25 0.9570 0.7123 1.3957 0.6670 1.9577 0.4841
175 49 1.0586 0.8423 1.5523 0.7324 2.1838 0.5334
200 1 1.1211 0.8451 1.6261 0.7743 2.2877 0.5627
200 25 1.1523 0.8369 1.6806 0.7973 2.3573 0.5807
200 50 1.2305 0.9124 1.7945 0.8513 2.5171 0.6200
200 74 1.4336 1.1788 2.0907 0.9901 2.9326 0.7196
225 1 1.4883 1.0819 2.1705 1.0315 3.0445 0.7529
225 25 1.4727 1.0533 2.1595 1.0207 3.0199 0.7450
225 50 1.6172 1.1736 2.3585 1.1209 3.3082 0.8181
225 75 1.8047 1.3394 2.6463 1.2578 3.7008 0.9129
225 99 2.1797 1.8414 3.1962 1.5139 4.4698 1.0941
250 1 1.8516 1.3054 2.7151 1.2833 3.8197 0.9366
250 100 2.5078 1.8831 3.6574 1.7381 5.1301 1.2686
250 124 3.0859 2.5588 4.5251 2.1434 6.3282 1.5490
250 25 1.8984 1.3274 2.7687 1.3158 3.9070 0.9603
250 50 2.0234 1.4455 2.9671 1.4073 4.1494 1.0315
250 75 2.1953 1.5754 3.1841 1.5216 4.4798 1.1105
275 1 2.3203 1.5781 3.3839 1.6082 4.7752 1.1738
275 100 2.9766 2.2011 4.3410 2.0630 6.0890 1.5057
275 125 3.4219 2.5218 5.0177 2.3849 7.0171 1.7310
275 149 4.4219 3.5275 6.4665 3.0540 9.0566 2.2196
275 25 2.3984 1.7115 3.5074 1.6623 4.9419 1.2133
275 50 2.4141 1.6611 3.5207 1.6732 4.9681 1.2212
275 75 2.6328 1.9045 3.8397 1.8197 5.3858 1.3318
300 1 2.9297 1.9357 4.2960 2.0341 6.0078 1.4877
300 100 3.4531 2.3635 5.0360 2.3800 7.0638 1.7468
300 125 3.8594 2.7876 5.6285 2.6749 7.8949 1.9523
300 150 4.6406 3.5812 6.7679 3.2164 9.4930 2.3475
300 174 5.8594 4.7690 8.5686 4.0469 12.0008 2.9411
300 25 2.9141 2.0228 4.2499 2.0232 5.9971 1.4798
300 50 3.0078 2.1733 4.4106 2.0847 6.2050 1.5215
300 75 3.2344 2.2588 4.7170 2.2417 6.6164 1.6361
325 1 3.4844 2.3430 5.1094 2.4234 7.1881 1.7762
325 100 4.0781 2.7317 5.9475 2.8265 8.3424 2.0630
325 125 4.3906 3.0716 6.4033 3.0431 8.9816 2.2210
325 150 5.0156 3.6359 7.3148 3.4763 10.2601 2.5372
325 175 5.9844 4.2725 8.7276 4.1477 12.2418 3.0273
325 25 3.5156 2.3765 5.1552 2.4452 7.2526 1.7921
325 50 3.5781 2.4033 5.2468 2.4843 7.4255 1.8170
325 75 3.7656 2.5904 5.4918 2.6099 7.7497 1.9049
350 1 4.2344 2.7347 6.1754 2.9348 8.7143 2.1420
350 100 4.6406 3.1658 6.8049 3.2164 9.5734 2.3475
350 125 5.0156 3.3356 7.3148 3.4763 10.3221 2.5372
350 150 5.6094 3.9614 8.2254 3.8878 11.5029 2.8376
350 175 6.3438 4.2900 9.2517 4.3968 12.9770 3.2090
350 200 8.0312 5.8115 11.7127 5.5974 16.4290 4.0627
350 224 10.0938 8.6325 14.7207 6.9469 20.7729 5.0272
350 25 4.2656 2.9036 6.2210 2.9616 8.7787 2.1661
350 50 4.3594 2.9345 6.3924 3.0320 8.9932 2.2223
350 75 4.4219 3.0319 6.4488 3.0648 9.1002 2.2368
