250 1 0.0229 0.0472 0.0336 0.0152 0.0480 0.0111
250 100 0.0542 0.0937 0.0788 0.0366 0.1107 0.0267
250 50 0.0317 0.0615 0.0472 0.0218 0.0661 0.0154
300 1 0.0444 0.0882 0.0653 0.0300 0.0923 0.0219
300 100 0.0757 0.1464 0.1116 0.0508 0.1584 0.0364
300 150 0.1216 0.2161 0.1783 0.0827 0.2508 0.0594
300 50 0.0591 0.1205 0.0869 0.0393 0.1235 0.0282
350 1 0.0845 0.1592 0.1245 0.0584 0.1747 0.0422
350 100 0.1313 0.2680 0.1957 0.0888 0.2825 0.0629
350 150 0.1597 0.3087 0.2367 0.1080 0.3387 0.0764
350 200 0.2627 0.4614 0.3873 0.1792 0.5464 0.1283
350 50 0.1099 0.2188 0.1629 0.0746 0.2311 0.0528
400 1 0.1499 0.2642 0.2198 0.1035 0.3092 0.0752
400 100 0.2275 0.4458 0.3409 0.1529 0.4931 0.1089
400 150 0.2627 0.5375 0.3957 0.1776 0.5736 0.1257
400 200 0.3115 0.6041 0.4643 0.2106 0.6662 0.1491
400 250 0.5059 0.8381 0.7458 0.3439 1.0584 0.2450
400 50 0.1890 0.3649 0.2801 0.1287 0.3986 0.0919
450 1 0.2646 0.4489 0.3860 0.1824 0.5414 0.1339
450 100 0.3740 0.7290 0.5634 0.2521 0.8167 0.1790
450 150 0.4277 0.8155 0.6511 0.2892 0.9480 0.2047
450 200 0.4941 0.9291 0.7482 0.3341 1.0871 0.2365
450 250 0.5840 1.1115 0.8750 0.3939 1.2585 0.2817
450 300 0.9414 1.4668 1.3955 0.6411 1.9858 0.4578
450 50 0.3213 0.5732 0.4788 0.2196 0.6831 0.1575
500 1 0.4395 0.7258 0.6444 0.3051 0.9066 0.2232
500 100 0.5840 1.0431 0.8843 0.3970 1.2848 0.2829
500 150 0.6816 1.2318 1.0321 0.4581 1.5077 0.3262
500 200 0.7637 1.4193 1.1624 0.5157 1.7016 0.3669
500 250 0.8633 1.6299 1.3141 0.5858 1.9133 0.4165
500 300 1.0352 1.9090 1.5509 0.6982 2.2308 0.4994
500 350 1.6328 2.7324 2.4073 1.1119 3.4165 0.7941
500 50 0.5020 0.8637 0.7481 0.3442 1.0734 0.2480
550 100 0.9180 1.5541 1.3827 0.6192 2.0155 0.4428
550 150 1.0664 1.8771 1.6148 0.7167 2.3715 0.5103
550 200 1.2188 2.0355 1.8454 0.8205 2.7249 0.5856
550 250 1.3320 2.3503 2.0276 0.9011 2.9679 0.6426
550 300 1.4883 2.7643 2.2536 1.0038 3.2920 0.7180
550 350 1.7422 3.2365 2.6102 1.1751 3.7545 0.8405
550 400 2.8359 4.6263 4.1811 1.9380 5.9339 1.3903
550 50 0.7852 1.2512 1.1638 0.5334 1.6753 0.3849
600 1 1.1680 1.8024 1.7034 0.8095 2.3892 0.5908
600 100 1.3789 2.1115 2.0879 0.9334 3.0500 0.6706
600 150 1.6016 2.5717 2.4379 1.0842 3.5875 0.7789
600 200 1.8047 3.1251 2.7470 1.2150 4.0425 0.8671
600 250 2.0391 3.4626 3.1038 1.3753 4.5917 0.9837
600 300 2.2422 3.8294 3.4130 1.5123 5.0225 1.0817
600 350 2.4609 4.2441 3.7460 1.6698 5.4833 1.1872
600 400 2.9531 5.4583 4.4481 2.0038 6.4131 1.4247
600 450 4.6094 7.0387 6.8325 3.1388 9.7229 2.2417
600 50 1.2305 1.9196 1.8337 0.8390 2.6312 0.6080
650 1 1.8359 2.8527 2.6775 1.2725 3.7784 0.9287
650 100 2.0391 3.1601 3.0713 1.3803 4.5014 0.9917
650 150 2.3203 3.6130 3.5134 1.5650 5.1600 1.1194
650 200 2.6172 4.1214 3.9629 1.7653 5.8359 1.2626
650 250 2.9609 4.8775 4.4834 1.9971 6.6200 1.4284
650 300 3.2344 5.1770 4.9233 2.1946 7.2833 1.5603
650 350 3.5625 5.8973 5.4227 2.4029 7.9800 1.7186
650 400 3.9219 6.8457 5.9541 2.6453 8.7300 1.8920
650 450 4.5781 8.3820 6.8957 3.0879 9.9420 2.2086
650 50 1.8672 2.8059 2.7975 1.2805 4.0239 0.9227
650 500 7.3438 11.7391 10.9443 5.0186 15.6147 3.6002
700 1 2.8359 4.2940 4.1359 1.9656 5.8364 1.4346
700 100 2.9766 4.5406 4.4834 2.0150 6.5711 1.4476
700 150 3.2969 5.0940 5.0184 2.2450 7.3850 1.6034
700 200 3.8281 5.7799 5.7965 2.5914 8.5589 1.8617
700 250 4.5469 6.5496 6.8124 3.1227 9.9632 2.2823
700 300 4.7344 7.4448 7.1877 3.2086 10.5950 2.2932
700 350 5.1719 8.0704 7.8725 3.4884 11.5849 2.4950
700 400 5.5000 8.7137 8.3719 3.7232 12.3199 2.6748
700 450 6.0156 10.0612 9.1568 4.0891 13.3322 2.9138
700 50 2.7734 4.0903 4.1332 1.8911 5.9642 1.3705
700 500 7.0938 12.0473 10.6848 4.8163 15.4901 3.4499
700 550 11.4688 18.1749 17.0917 7.8376 24.2466 5.6224
750 100 4.2969 5.9951 6.5063 2.9140 9.5556 2.0981
750 150 4.8906 6.9617 7.4249 3.3107 10.9447 2.3784
750 200 5.6094 8.0466 8.5384 3.7973 12.5649 2.7280
750 250 6.2812 9.5146 9.5111 4.2521 13.9686 3.0547
750 300 6.7812 10.5679 10.2682 4.6178 15.1614 3.2979
750 350 7.4062 11.1031 11.1555 5.0136 16.3500 3.6019
750 400 7.9688 12.1330 12.0027 5.3944 17.4963 3.8754
750 450 8.5938 13.5103 12.9441 5.8520 18.7655 4.1794
750 50 4.0781 5.7904 6.0776 2.7707 8.8194 1.9992
750 500 9.1562 14.2513 13.7184 6.2573 19.8427 4.4887
750 550 10.9062 18.2213 16.2534 7.4098 23.3216 5.3466
750 600 17.6875 27.8740 26.2184 12.1303 37.3097 8.7401
800 1 6.4688 9.4253 9.4340 4.4834 13.3127 3.2723
800 100 6.2500 8.3910 9.4637 4.2386 13.8991 3.0518
800 150 6.7812 9.1598 10.2682 4.5906 15.1614 3.2979
800 200 7.8438 11.1968 11.8770 5.3098 17.5369 3.8146
800 250 8.7188 12.4858 13.2714 5.9371 19.5299 4.2402
800 300 9.5938 13.4590 14.5269 6.4709 21.4495 4.6282
800 350 10.6562 16.5883 16.1357 7.1876 23.8251 5.1408
800 400 11.2812 17.2199 17.1720 7.6091 25.2698 5.4423
800 450 12.1562 18.3775 18.5039 8.1993 27.3741 5.8644
800 50 5.9531 8.2117 8.9193 4.0827 12.9729 2.9417
800 500 13.1875 18.9459 20.0736 8.8949 29.3834 6.3619
800 550 13.9531 22.7938 21.1278 9.4113 31.0297 6.7313
800 600 16.0625 28.4958 24.1938 10.8340 34.8818 7.7489
800 650 26.1250 39.1158 38.7254 17.7901 55.4257 12.7053
850 1 9.6562 13.7270 14.0826 6.6927 19.8725 4.8847
850 100 8.9062 11.3933 13.4148 6.0510 19.7682 4.3661
850 150 9.8438 12.7109 14.9839 6.6879 22.0499 4.8257
850 200 11.1562 13.8890 16.8928 7.5796 24.8099 5.4692
850 250 12.0938 16.6245 18.3124 8.2017 27.0390 5.9052
850 300 13.5625 19.5465 20.4282 9.1811 30.1032 6.5958
850 350 14.9062 21.2683 22.5710 10.1506 33.3271 7.2493
850 400 15.8125 23.3129 23.9433 10.6974 35.3533 7.6283
850 450 16.8125 24.1917 25.5915 11.4691 37.6598 8.2092
850 50 8.5938 11.3856 12.8071 5.8386 18.5849 4.2130
850 500 18.0625 27.5795 27.4942 12.2274 40.4598 8.7843
850 550 19.5625 28.9758 29.7775 13.3213 43.5876 9.5138
850 600 20.9375 32.4853 31.7036 14.2576 46.0625 10.1825
850 650 24.6875 39.9650 36.9882 16.7122 53.2032 12.0062
850 700 39.9062 55.4414 59.1535 27.2714 83.6916 19.5634
900 1 14.0625 19.8219 20.6208 9.7738 29.1832 7.1136
900 100 12.9531 15.4003 19.6136 8.8004 28.8059 6.3501
900 150 13.8125 17.6997 20.9149 9.3504 30.8817 6.7174
900 200 15.3125 20.1430 23.3083 10.3846 34.4815 7.4768
900 250 17.8125 24.5133 26.9717 12.1728 39.6124 8.7323
900 300 18.9375 26.9498 28.6752 12.8957 42.3401 9.2098
900 350 21.3125 29.8739 32.1015 14.4536 47.0495 10.4065
900 400 22.6875 32.2156 34.1725 15.4315 50.0849 11.0779
900 450 25.1250 38.1338 38.0443 17.1701 55.5747 12.3171
900 50 12.6875 15.9084 18.9585 8.6200 27.6199 6.2198
900 500 26.1250 40.5225 39.3502 17.8015 57.3603 12.8074
900 550 27.1250 41.3104 41.0727 18.5369 59.6750 13.2976
900 600 28.9062 42.2888 43.5394 19.7542 63.1203 14.1708
900 650 31.8125 51.3271 47.9169 21.7017 69.0850 15.5334
900 700 36.6250 60.2603 54.5816 24.8832 77.8743 17.9548
900 750 59.2500 84.9895 87.8269 40.7267 123.5380 29.0464
