127 1 -0.452999 0.674725
150 1 -0.887366 0.812559
150 24 -0.542979 0.706428
175 1 -0.778855 0.781967
175 25 -0.861383 0.805486
175 49 -0.671563 0.749069
200 1 -0.746035 0.772177
200 25 -0.940363 0.826484
200 50 -0.768973 0.779045
200 74 -0.608911 0.728708
225 1 -0.763661 0.777465
225 25 -1.05087 0.853342
225 50 -0.949804 0.828894
225 75 -0.774703 0.780742
225 99 -0.583202 0.720121
250 1 -0.968507 0.833604
250 100 -1.00715 0.843069
250 124 -0.520458 0.698628
250 25 -1.01279 0.84442
250 50 -0.982914 0.837175
250 75 -0.885388 0.812026
275 1 -1.10897 0.866278
275 100 -0.905779 0.817473
275 125 -0.896715 0.815064
275 149 -0.722245 0.764928
275 25 -0.987296 0.838251
275 50 -0.989549 0.838803
275 75 -0.903475 0.816863
300 1 -1.19704 0.884355
300 100 -1.10144 0.864648
300 125 -0.87388 0.808908
300 150 -0.71752 0.763473
300 174 -0.497299 0.690511
300 25 -1.0342 0.849478
300 50 -1.16406 0.8778
300 75 -1.02 0.846135
325 1 -1.16475 0.87794
325 100 -1.10303 0.864993
325 125 -0.987241 0.838238
325 150 -0.956115 0.830493
325 175 -0.941053 0.826661
325 199 -0.518544 0.697961
325 25 -1.20721 0.886325
325 50 -1.04223 0.851347
325 75 -1.06604 0.856798
350 1 -1.1723 0.879461
350 100 -1.12003 0.86865
350 125 -1.15476 0.875905
350 150 -0.97605 0.83548
350 175 -1.14501 0.873897
350 200 -1.05472 0.854223
350 224 -0.524813 0.700143
350 25 -1.02155 0.846503
350 50 -1.09895 0.864106
350 75 -1.00145 0.841695
