250 1 1.96694 0.0245953
250 100 1.43909 0.0750625
250 50 1.78221 0.0373572
300 1 1.94622 0.0258144
300 100 1.64037 0.0504646
300 150 1.41651 0.0783136
300 50 1.87917 0.0301106
350 1 1.8105 0.0351093
350 100 1.64613 0.049868
350 150 1.58547 0.0564299
350 200 1.43957 0.0749952
350 50 1.77302 0.0381128
400 1 1.5961 0.0552331
400 100 1.59236 0.0556523
400 150 1.5146 0.064937
400 200 1.45837 0.0723699
400 250 1.11731 0.131931
400 50 1.61627 0.0530179
450 1 1.52828 0.0632221
450 100 1.46915 0.0708956
450 150 1.39168 0.0820104
450 200 1.31403 0.0944182
450 250 1.46279 0.071763
450 300 1.19087 0.116852
450 50 1.49589 0.0673413
500 1 1.48737 0.0684583
500 100 1.32489 0.0926039
500 150 1.29279 0.0980419
500 200 1.35765 0.0872874
500 250 1.26137 0.103587
500 300 1.41294 0.0788374
500 350 1.17245 0.120508
500 50 1.3514 0.0882829
550 1 1.35353 0.0879425
550 100 1.23643 0.108149
550 150 1.15661 0.123717
550 200 1.16806 0.121391
550 250 1.31109 0.0949136
550 300 1.20123 0.114831
550 350 1.31508 0.0942423
550 400 1.25822 0.104156
550 50 1.1202 0.131314
600 1 1.25135 0.105403
600 100 1.04404 0.148234
600 150 1.17165 0.12067
600 200 1.18323 0.118358
600 250 1.2569 0.104394
600 300 1.09098 0.137641
600 350 1.09295 0.137207
600 400 1.38896 0.0824218
600 450 1.04996 0.146867
600 50 1.06397 0.143671
650 1 1.21505 0.112173
650 100 1.06028 0.144509
650 150 1.06996 0.142319
650 200 1.04637 0.147694
650 250 1.13318 0.128569
650 300 1.0806 0.139937
650 350 1.25891 0.104031
650 400 1.11514 0.132395
650 450 1.33251 0.0913456
650 50 0.947656 0.171652
650 500 1.23321 0.108749
700 1 1.17466 0.120066
700 100 1.00075 0.158474
700 150 1.04282 0.148516
700 200 1.00897 0.156494
700 250 0.993693 0.160186
700 300 0.944059 0.17257
700 350 0.998215 0.159088
700 400 0.954775 0.169846
700 450 0.948763 0.171371
700 50 0.909104 0.181648
700 500 1.24926 0.105785
700 550 1.01061 0.156103
750 1 1.11456 0.13252
750 100 0.833649 0.202239
750 150 0.849425 0.197822
750 200 0.993408 0.160256
750 250 0.987215 0.161769
750 300 1.15083 0.124902
750 350 1.00838 0.156636
750 400 0.964996 0.167274
750 450 0.98142 0.163193
750 50 0.796845 0.21277
750 500 0.956659 0.16937
750 550 1.1196 0.131443
750 600 0.947261 0.171753
800 1 0.964862 0.167307
800 100 0.698785 0.242343
800 150 0.82894 0.203569
800 200 0.90091 0.183818
800 250 0.827753 0.203905
800 300 0.8775 0.190108
800 350 1.00107 0.158398
800 400 0.960817 0.168322
800 450 0.883614 0.188452
800 50 0.736927 0.230583
800 500 0.8906 0.186572
800 550 0.952104 0.170522
800 600 1.20515 0.114072
800 650 0.925745 0.177289
850 1 0.893957 0.185673
850 100 0.67349 0.250318
850 150 0.635061 0.262694
850 200 0.55333 0.290019
850 300 0.919303 0.178969
850 350 0.846004 0.198775
850 400 0.94871 0.171384
850 450 0.999778 0.158709
850 50 0.639307 0.261312
850 500 0.967673 0.166604
850 550 0.903742 0.183066
850 600 0.977298 0.164211
850 650 1.03871 0.149469
850 700 0.827216 0.204057
900 1 0.827684 0.203925
900 100 0.434778 0.331862
900 150 0.69759 0.242717
900 200 0.733632 0.231586
900 250 0.737415 0.230435
900 300 0.867274 0.192896
900 350 0.782248 0.217034
900 400 0.964811 0.16732
900 450 0.967501 0.166647
900 50 0.588686 0.278036
900 500 0.969013 0.166269
900 550 1.05763 0.145112
900 600 0.956414 0.169431
900 650 1.07655 0.14084
900 700 0.940943 0.173367
900 750 0.943141 0.172804
