 127 1 0.3525 0.3102 0.5198 0.2418 0.7333 0.1742
 150 1 0.5762 0.4713 0.8495 0.3937 1.1985 0.2825
 150 24 0.5840 0.5043 0.8610 0.4003 1.2183 0.2863
 175 1 0.8242 0.6958 1.2283 0.5613 1.7325 0.4008
 175 25 0.8711 0.6735 1.2912 0.5988 1.8269 0.4270
 175 49 0.9492 0.8231 1.4070 0.6536 1.9849 0.4672
 200 1 1.1523 0.9391 1.7173 0.7847 2.4362 0.5604
 200 25 1.1602 0.9378 1.7197 0.7900 2.4331 0.5642
 200 50 1.2617 1.0187 1.8703 0.8592 2.6461 0.6136
 200 74 1.4727 1.2836 2.1595 1.0082 3.0561 0.7248
 225 1 1.4492 1.1636 2.1597 0.9775 3.0639 0.6991
 225 25 1.4531 1.1222 2.1656 0.9837 3.0721 0.7067
 225 50 1.6016 1.3252 2.3740 1.0887 3.3588 0.7758
 225 75 1.8047 1.5145 2.6895 1.2333 3.7935 0.8847
 225 99 2.2422 1.9851 3.2879 1.5439 4.6255 1.1036
 250 1 1.8359 1.4819 2.7361 1.2361 3.8814 0.8821
 250 100 2.4922 2.2720 3.7141 1.7131 5.2387 1.2218
 250 124 3.2031 3.1254 4.6970 2.1890 6.6079 1.5703
 250 25 1.8828 1.4639 2.8059 1.2699 3.9805 0.9083
 250 50 2.0234 1.5819 2.9994 1.3598 4.2436 0.9682
 250 75 2.1953 1.7702 3.2541 1.4861 4.6040 1.0676
