250 1 0.0269 0.0551 0.0384 0.0186 0.0536 0.0130
250 100 0.0620 0.1121 0.0892 0.0428 0.1245 0.0305
300 1 0.0503 0.0984 0.0739 0.0352 0.1026 0.0255
300 100 0.0864 0.1770 0.1247 0.0600 0.1727 0.0436
300 150 0.1489 0.2579 0.2160 0.1036 0.3002 0.0750
300 50 0.0679 0.1416 0.0984 0.0468 0.1368 0.0337
350 1 0.0903 0.1618 0.1325 0.0629 0.1852 0.0459
350 100 0.1499 0.2863 0.2186 0.1038 0.3048 0.0747
350 150 0.1841 0.3521 0.2655 0.1279 0.3678 0.0924
350 200 0.2969 0.5026 0.4306 0.2056 0.5984 0.1490
350 50 0.1235 0.2360 0.1802 0.0851 0.2512 0.0613
400 1 0.1626 0.2790 0.2371 0.1127 0.3306 0.0823
400 100 0.2490 0.4468 0.3652 0.1720 0.5107 0.1250
400 150 0.2920 0.5575 0.4258 0.2028 0.5937 0.1466
400 200 0.3584 0.6412 0.5170 0.2487 0.7206 0.1806
400 250 0.5801 1.0178 0.8414 0.4036 1.1693 0.2923
400 50 0.2041 0.3706 0.2993 0.1410 0.4185 0.1024
450 1 0.2705 0.4478 0.3934 0.1875 0.5493 0.1368
450 100 0.3965 0.7085 0.5846 0.2737 0.8199 0.1975
450 150 0.4668 0.8299 0.6808 0.3213 0.9491 0.2325
450 200 0.5566 1.0012 0.8029 0.3885 1.1122 0.2859
450 250 0.6660 1.2663 0.9607 0.4642 1.3391 0.3369
450 300 1.0742 1.7779 1.5581 0.7461 2.1654 0.5392
450 50 0.3369 0.5806 0.4914 0.2323 0.6892 0.1685
500 1 0.4512 0.7074 0.6580 0.3138 0.9174 0.2300
500 100 0.6035 0.9969 0.8898 0.4165 1.2517 0.3006
500 150 0.7246 1.2496 1.0625 0.5001 1.4948 0.3609
500 200 0.8164 1.4587 1.1972 0.5655 1.6742 0.4098
500 250 0.9336 1.6464 1.3615 0.6484 1.8983 0.4686
500 300 1.1523 2.0542 1.6622 0.7959 2.3169 0.5784
500 50 0.5137 0.8484 0.7532 0.3548 1.0597 0.2578
600 1 1.1445 1.7656 1.6692 0.7977 2.3413 0.5790
600 100 1.3867 2.0808 2.0334 0.9544 2.8778 0.6907
600 200 1.8828 2.9538 2.7459 1.2958 3.8515 0.9377
600 300 2.3984 3.9123 3.4979 1.6594 4.8767 1.2086
