 127 1 0.3525 0.3331 0.5226 0.2425 0.7393 0.1742
 150 1 0.5723 0.5144 0.8483 0.3934 1.2002 0.2805
 150 24 0.5801 0.5455 0.8599 0.3964 1.2165 0.2844
 175 1 0.8242 0.7520 1.2217 0.5559 1.7185 0.3976
 175 25 0.8711 0.7141 1.2912 0.5932 1.8163 0.4236
 175 49 0.9414 0.8667 1.4030 0.6471 1.9789 0.4615
 200 1 1.1562 1.0008 1.7139 0.7799 2.4249 0.5578
 200 25 1.1602 1.0059 1.7197 0.7872 2.4331 0.5597
 200 50 1.2695 1.1410 1.8818 0.8614 2.6470 0.6124
 200 74 1.4648 1.3237 2.1597 1.0011 3.0471 0.7181
 225 1 1.4648 1.2310 2.1714 0.9844 3.0721 0.7010
 225 25 1.4648 1.2346 2.1714 0.9880 3.0721 0.7067
 225 50 1.6016 1.4379 2.3804 1.0835 3.3627 0.7726
 225 75 1.8203 1.6762 2.7128 1.2396 3.8043 0.8853
 225 99 2.2266 2.1269 3.2916 1.5305 4.6370 1.0915
 250 1 1.8359 1.5739 2.7361 1.2338 3.8592 0.8785
 250 25 1.8984 1.5590 2.8141 1.2712 3.9814 0.9010
 250 50 2.0391 1.7259 3.0063 1.3653 4.2415 0.9678
 250 75 2.1953 1.9141 3.2541 1.4807 4.6040 1.0591
