250 1 0.0278 0.0549 0.0407 0.0198 0.0561 0.0144
250 100 0.0630 0.1169 0.0899 0.0441 0.1236 0.0320
250 50 0.0376 0.0768 0.0541 0.0267 0.0748 0.0197
300 1 0.0542 0.1027 0.0771 0.0377 0.1069 0.0284
300 100 0.0894 0.1758 0.1282 0.0624 0.1770 0.0457
300 150 0.1499 0.2611 0.2150 0.1048 0.2969 0.0764
300 50 0.0698 0.1455 0.1013 0.0486 0.1407 0.0355
350 1 0.0942 0.1665 0.1359 0.0655 0.1895 0.0482
350 150 0.1880 0.3607 0.2712 0.1316 0.3756 0.0966
350 200 0.3018 0.5274 0.4329 0.2110 0.5976 0.1538
350 50 0.1255 0.2381 0.1830 0.0871 0.2552 0.0632
400 1 0.1675 0.2836 0.2429 0.1165 0.3397 0.0854
400 100 0.2539 0.4432 0.3703 0.1757 0.5194 0.1279
400 150 0.2979 0.5737 0.4344 0.2072 0.6056 0.1518
400 200 0.3672 0.6847 0.5296 0.2570 0.7337 0.1886
400 250 0.5840 1.0474 0.8424 0.4084 1.1669 0.2977
400 50 0.2139 0.3584 0.3102 0.1506 0.4338 0.1107
450 1 0.2783 0.4559 0.4037 0.1943 0.5645 0.1430
450 100 0.4043 0.6926 0.5896 0.2767 0.8320 0.2014
450 150 0.4746 0.8429 0.6884 0.3278 0.9626 0.2382
450 200 0.5488 0.9867 0.7960 0.3828 1.1131 0.2798
450 250 0.6699 1.2773 0.9717 0.4701 1.3421 0.3441
450 300 1.0820 1.8247 1.5522 0.7526 2.1564 0.5516
450 50 0.3408 0.5563 0.4971 0.2358 0.6993 0.1717
500 1 0.4668 0.7240 0.6771 0.3258 0.9468 0.2398
500 100 0.6074 0.9699 0.8907 0.4188 1.2606 0.3037
500 150 0.7285 1.2051 1.0683 0.5032 1.5029 0.3657
500 200 0.8320 1.3832 1.2134 0.5757 1.6917 0.4193
500 250 0.9570 1.6628 1.3881 0.6633 1.9410 0.4841
500 300 1.1836 2.1668 1.7073 0.8261 2.3798 0.6080
500 50 0.5215 0.8473 0.7647 0.3602 1.0758 0.2618
600 1 1.1914 1.8460 1.7375 0.8315 2.4225 0.6120
600 100 1.3945 2.0407 2.0560 0.9615 2.9179 0.6973
600 200 1.9141 2.9425 2.7915 1.3220 3.9391 0.9608
600 300 2.4297 3.8830 3.5434 1.6899 4.9402 1.2386
